data/TheOGGroup.csv
# %ECSV 0.9
# ---
# datatype:
# - {name: source_id, datatype: int64}
# - {name: ra, datatype: float64}
# - {name: ra_error, datatype: float64}
# - {name: dec, datatype: float64}
# - {name: dec_error, datatype: float64}
# - {name: parallax, datatype: float64}
# - {name: parallax_error, datatype: float64}
# - {name: pmra_error, datatype: float64}
# - {name: pmra, datatype: float64}
# - {name: pmdec, datatype: float64}
# - {name: pmdec_error, datatype: float64}
# - {name: ra_dec_corr, datatype: float32}
# - {name: ra_parallax_corr, datatype: float32}
# - {name: ra_pmra_corr, datatype: float32}
# - {name: ra_pmdec_corr, datatype: float32}
# - {name: dec_parallax_corr, datatype: float32}
# - {name: dec_pmra_corr, datatype: float32}
# - {name: dec_pmdec_corr, datatype: float32}
# - {name: parallax_pmra_corr, datatype: float32}
# - {name: parallax_pmdec_corr, datatype: float32}
# - {name: pmra_pmdec_corr, datatype: float32}
# - {name: visibility_periods_used, datatype: int16}
# - {name: phot_g_mean_flux, datatype: float64}
# - {name: phot_g_mean_flux_error, datatype: float64}
# - {name: phot_g_mean_mag, datatype: float32}
# - {name: phot_bp_mean_flux, datatype: float64}
# - {name: phot_bp_mean_flux_error, datatype: float64}
# - {name: phot_bp_mean_mag, datatype: float32}
# - {name: phot_rp_mean_flux, datatype: float64}
# - {name: phot_rp_mean_flux_error, datatype: float64}
# - {name: phot_rp_mean_mag, datatype: float32}
# - {name: radial_velocity, datatype: float64}
# - {name: radial_velocity_error, datatype: float64}
# - {name: teff_val, datatype: float32}
# - {name: a_g_val, datatype: float32}
# - {name: e_bp_min_rp_val, datatype: float32}
# - {name: radius_val, datatype: float32}
# - {name: lum_val, datatype: float32}
# - {name: prob, datatype: float64}
# meta: !!omap
# - comments: [This catalog has been produced on behalf of adrian price-whelan (adrian., 'prw@gmail.com) with ID #2886.', 'It took 0:01:38
#       (h:mm:ss) to complete and the SQL issued was:', '', 'SELECT `source_id`, `ra`, `ra_error`, `dec`, `dec_error`, `parallax`,', '    `parallax_error`,
#       `pmra_error`, `pmra`, `pmdec`, `pmdec_error`,', '    `ra_dec_corr`, `ra_parallax_corr`, `ra_pmra_corr`, `ra_pmdec_corr`,', '    `dec_parallax_corr`,
#       `dec_pmra_corr`, `dec_pmdec_corr`,', '    `parallax_pmra_corr`, `parallax_pmdec_corr`, `pmra_pmdec_corr`,', '    `visibility_periods_used`,
#       `phot_g_mean_flux`, `phot_g_mean_flux_err', 'or`,', '    `phot_g_mean_mag`, `phot_bp_mean_flux`, `phot_bp_mean_flux_error`,',
#     '    `phot_bp_mean_mag`, `phot_rp_mean_flux`, `phot_rp_mean_flux_error`,', '    `phot_rp_mean_mag`, `radial_velocity`, `radial_velocity_error`,
#       `tef', 'f_val`,', '    `a_g_val`, `e_bp_min_rp_val`, `radius_val`, `lum_val`', '    FROM gaia_dr2', '    WHERE radial_velocity
#       IS NOT NULL AND', '        parallax &gt; 0 AND', '        parallax/parallax_error &gt; 6', '', 'Please, remember to follow the
#       citation guide if you use any of this dat', a in your work., '', 'Generated by CosmoHub (https://cosmohub.pic.es) on 2018-05-30
#       03:45:14.0', 23000 UTC., This catalog has been produced on behalf of adrian price-whelan (adrian., 'prw@gmail.com) with ID #2886.',
[...]
#       `dec_error`, `parallax`,', '    `parallax_error`, `pmra_error`, `pmra`, `pmdec`, `pmdec_error`,', '    `ra_dec_corr`, `ra_parallax_corr`,
#       `ra_pmra_corr`, `ra_pmdec_corr`,', '    `dec_parallax_corr`, `dec_pmra_corr`, `dec_pmdec_corr`,', '    `parallax_pmra_corr`, `parallax_pmdec_corr`,
#       `pmra_pmdec_corr`,', '    `visibility_periods_used`, `phot_g_mean_flux`, `phot_g_mean_flux_err', 'or`,', '    `phot_g_mean_mag`,
#       `phot_bp_mean_flux`, `phot_bp_mean_flux_error`,', '    `phot_bp_mean_mag`, `phot_rp_mean_flux`, `phot_rp_mean_flux_error`,', '    `phot_rp_mean_mag`,
#       `radial_velocity`, `radial_velocity_error`, `tef', 'f_val`,', '    `a_g_val`, `e_bp_min_rp_val`, `radius_val`, `lum_val`', '    FROM
#       gaia_dr2', '    WHERE radial_velocity IS NOT NULL AND', '        parallax &gt; 0 AND', '        parallax/parallax_error &gt; 6',
#     '', 'Please, remember to follow the citation guide if you use any of this dat', a in your work., '', 'Generated by CosmoHub (https://cosmohub.pic.es)
#       on 2018-05-30 03:45:14.0', 23000 UTC.]
# schema: astropy-2.0
source_id ra ra_error dec dec_error parallax parallax_error pmra_error pmra pmdec pmdec_error ra_dec_corr ra_parallax_corr ra_pmra_corr ra_pmdec_corr dec_parallax_corr dec_pmra_corr dec_pmdec_corr parallax_pmra_corr parallax_pmdec_corr pmra_pmdec_corr visibility_periods_used phot_g_mean_flux phot_g_mean_flux_error phot_g_mean_mag phot_bp_mean_flux phot_bp_mean_flux_error phot_bp_mean_mag phot_rp_mean_flux phot_rp_mean_flux_error phot_rp_mean_mag radial_velocity radial_velocity_error teff_val a_g_val e_bp_min_rp_val radius_val lum_val prob
[from data line 29]
3978500258656158720 171.6127911930363 0.06013503044161128 20.51782247355513 0.044487935084562454 21.631408676758333 0.07169542126856503 0.0956815720457029 -106.41168346159431 -67.0099904367168 0.08230808200304651 -0.30129808 -0.6131292 -0.1715746 0.4124085 0.19594394 0.12463317 -0.3793303 -0.01948252 -0.5270794 -0.08291907 8 14461812.281048452 5470.451269680543 7.787809 7859652.732760267 20222.816396595517 8.11288 9270533.180951854 17943.682907016115 7.344158 5.41291381533755 0.16329063508012928 5911.25 0.03 0.0145 1.0495763 1.2118253 0.9460615969862592
4572777707832147712 254.0461895776069 0.05157845294507053 25.113209203054037 0.07111759316204641 14.048481167457027 0.08425802271349321 0.11939568301959758 -35.782595699379044 8.26281952792878 0.14622342631009272 0.05365436 -0.09245695 0.14256407 -0.09895324 -0.012156852 -0.06505683 -0.34449536 -0.0788278 -0.04642915 -0.045777805 17 3148130.932289062 1284.5933501765305 9.4432335 1581253.3534738477 2170.707724142005 9.853885 2206729.262125477 2898.4861578606224 8.902547 -24.309320950123173 1.8027198244566986 5668.5 0.059 0.0363 0.826001 0.63464147 0.6487423266848877
1002340161664057216 104.31926248541173 0.5649670005613967 58.42221887494884 0.5584612073673761 22.094648748177274 0.8406581399503795 1.1040498353068768 4.2117962795209465 -138.09436728030664 0.9125411611231602 0.13530566 -0.3140817 -0.30276442 0.098047055 -0.2657118 -0.11037774 -0.09408439 0.61364263 -0.09558793 0.010268408 11 398622662.16749716 5289810.544215779 4.1869607 203641468.87334853 632431.3714516249 4.5792227 294806388.70822495 3566975.907399852 3.5880778 3.610741424880917 0.2852492102832513 5324.0 2.127 1.071 6.8197165 33.665073 0.9173438111882188
758728379683090304 168.96340233615126 0.04929825429870541 34.607123671542595 0.05105244266345906 14.154066674977262 0.06491064015001342 0.08816736495019772 -63.23133819362845 -44.50422041048138 0.09106217560465968 -0.000596517 -0.4691016 -0.0046673315 0.25384837 -0.27702582 0.06504614 -0.30756778 0.031895388 -0.36015084 -0.09115451 10 8843680.13998015 3408.666092520561 8.321783 4910264.990416731 8654.755401761578 8.623626 5554617.845876246 12716.566518862619 7.9002843 4.193972053234397 0.2675818184076313 5988.6665 0.026 0.013 1.2201275 1.725145 0.9995201681828124
784945169296262656 170.86132692506658 0.018204057581737026 45.119298511496 0.02393964179112988 14.875570799535916 0.03334939093272972 0.04076421789459966 -75.11524434100974 -40.942849784287304 0.049151232026514245 0.00879906 -0.1806429 0.310137 -0.0061466275 -0.045589708 -0.009753078 -0.03151124 0.09631286 -0.061352715 -0.040130943 13 541195.8173879882 1041.314352821499 11.3549795 199364.7071651491 1279.4292008046245 12.102267 481128.56058244576 2308.0395669344184 10.556267 -0.8545047803146328 1.7278104674110766 4238.77 0.389 0.1987 0.69367296 0.13994703 0.9844057130897337
1333750695901466112 260.29824670490166 0.0170007523425591 32.53606361901139 0.01924630863734664 14.949130010095645 0.02293720734351258 0.0363829897746083 -32.069848917835806 9.715389555138984 0.03776905306351928 -0.011010929 -0.13153431 0.005464487 0.01845312 0.20752224 -0.051729027 -0.27636322 -0.14487235 -0.17317054 0.11563423 18 5763570.723665327 2799.914392707441 8.786636 3107034.954238708 5429.424990855877 9.1205225 3741240.439498076 4827.332337998642 8.329381 -23.49959847459384 0.4137497850108892 5867.267 0.085 0.0467 0.97424746 1.0133902 0.9990533185582829
3989472560067645056 160.78229336547807 0.040237583402731744 22.301768325167107 0.032181091428230287 18.58534792105615 0.04456955399531646 0.06868713129352026 -83.80778350237267 -63.091116426299465 0.06428702711646206 -0.02450747 -0.53747404 0.11724196 0.29214633 -0.09837992 0.17728215 -0.097098134 0.1041023 -0.26743758 -0.115777545 10 249177.14235700236 244.8083933836966 12.197095 69549.3591905404 336.75355604074156 13.245655 266768.0678911731 645.9652761216311 11.196586 9.740361428610345 0.8841609772602251 4186.3 0.1393 0.1123 nan nan 0.995217203308597
3990526957359255936 168.28350023924526 0.05455123387693104 20.727073953721693 0.050527785407968796 17.19544157605136 0.06729770114859539 0.09121524598892758 -81.64094550123045 -52.817772017897255 0.08740577364821818 -0.24109493 -0.51639473 -0.020460283 0.43292534 -0.054941528 0.22807688 -0.3314736 0.10153809 -0.44611385 -0.19319294 9 101066.56831321806 53.197698778546645 13.1768465 23589.06705974369 98.70671432415034 14.419611 119106.66939439334 177.06395031461878 12.07208 2.5562214626824726 4.175340753877936 3437.5 0.2142 0.116 0.51702386 0.033626888 0.9989768995816825
1206320351961687552 240.55977503910628 0.01896183707784814 22.74485791500752 0.02109179143969941 12.285977522376673 0.029014358509149175 0.039123745721082424 -50.472306875666035 -5.757473821636844 0.04674005115158676 0.57761335 -0.17460664 -0.26620093 -0.17113736 -0.093195595 -0.15140805 -0.5294006 -0.31326687 -0.039249137 0.47458422 16 217127.38742775284 38.618963071137465 12.34658 71274.9016139935 73.40277462112374 13.219047 213813.2459966439 140.3610656955986 11.436833 -17.89116744632448 0.8400430725638314 3978.83 0.449 0.22 0.65207094 0.096007675 0.9914462758769231
1443749137677744640 205.06481047335652 0.02700217832492688 23.439847378018353 0.022383502138058516 12.428843973463836 0.03638254589620871 0.06367709172357466 -62.30998244262355 -14.499226550911626 0.03696268229535091 -0.36122504 -0.12608649 -0.34188646 0.013087804 0.2197855 -0.106347844 -0.1943124 -0.13314626 -0.062434815 -0.30667877 16 815088.7367528515 927.932427759847 10.910354 355914.45234976127 700.8524697668879 11.473024 638106.1704039198 799.5847047067042 10.249687 -8.485108486910208 0.5131383913606885 4766.86 0.1117 0.054 0.724305 0.24404347 0.9515887109226617
3521740279252141952 185.91580981772316 0.05914997100162935 -14.989144291556924 0.047192934822338065 26.714821830525498 0.08039296539748803 0.1296054346282919 -148.7178883900473 -53.461966491000936 0.07274712186853032 -0.585982 -0.39588845 -0.10215813 0.2948792 0.28610176 0.08566877 -0.681443 0.50558907 -0.3743828 -0.44933802 9 234861.27635602522 87.28191018130889 12.261337 52795.17425287174 123.35910547983632 13.544903 277986.2884101456 338.22007441684565 11.151861 7.638284391827714 0.5650857905580926 3966.49 0.307 0.178 nan nan 0.9841673119034624
1144279347509308160 130.63218464067776 0.0211326587686006 79.67235160331501 0.028655147746614002 13.465180699954969 0.02894438384781506 0.045775305293093344 -26.270960279850804 -63.200866934194025 0.058994726054413194 -0.02592767 0.028445663 -0.12362938 0.08541754 -0.037088085 0.026665287 -0.39390984 0.2958714 -0.13665405 0.11402342 15 94040.53570119015 60.56384550417859 13.255078 23890.985230410482 64.15170366815427 14.405803 106746.06216185291 212.49902731632938 12.19104 -7.784892758564029 2.909890632018512 3791.5134 0.2675 0.16 nan nan 0.8945580969871979
1605283338717107584 216.89822520471904 0.034776434359224076 52.60756693338301 0.03286363486617436 10.035029391430601 0.04186463672603647 0.07025074893527779 -53.93930505405898 1.3512773374019447 0.06293893051204638 0.13895987 0.053235486 -0.17492417 0.0074256347 0.08953025 0.014523871 -0.14958474 -0.14681171 -0.37739235 0.032802276 18 5937016.194545431 2141.9986326581115 8.754445 3326815.8970909915 5733.508020415729 9.046316 3686008.019288831 6449.014156221456 8.34553 -11.438247855043826 0.4187590481198498 6177.15 0.228 0.1085 1.3214589 2.2906282 0.869104910881001
698164083770724992 137.8735398192653 0.05401530773672007 28.02050310419158 0.03626414531467543 15.580137647051961 0.07827827224775775 0.09045730596625244 -49.811163067841 -56.35273991017818 0.06711866960477318 -0.3879185 -0.6500461 -0.45291698 0.5193606 0.25279853 0.32059008 -0.5954585 0.7220396 -0.56361145 -0.5478908 10 1375309.2684020116 1219.413371081055 10.342365 613001.8944062525 2056.201010732658 10.882733 1079143.8289540655 3287.5946528204063 9.679222 15.574429983676053 0.5145531658891952 4990.7 0.1437 0.063 0.66554755 0.24757047 0.8321871404208958
6338785727853902720 222.11061394007905 0.05468020915633946 -2.893366223943507 0.07355705964261623 13.0684965698232 0.053791561416670346 0.10611173678725622 -56.16871939023102 -27.794081039607697 0.1408161247303454 -0.6418448 -0.22780614 0.45642623 -0.5883287 -0.16625878 -0.619646 0.762089 0.064481705 -0.124894105 -0.6627587 8 1438873.1819739025 1012.9741066615484 10.293309 675165.3441199136 940.8863484611475 10.777863 1096476.861699137 1948.5627165351505 9.6619215 -10.614391617294586 0.2541489985721461 4961.77 0.0853 0.043 0.8237308 0.37052017 0.9627297374660745
4595618103394550656 265.2993267965743 0.014286511282960976 28.9288407531135 0.01990702981827809 12.845103367487825 0.020920887011275955 0.029869720848898208 -21.889529208581003 5.0880370865746904 0.038232331433401594 0.022230346 -0.21097536 -0.0370326 -0.10739627 0.07783046 -0.17083046 -0.38552698 -0.14786951 -0.11580958 0.098375574 17 953160.1966112652 520.7925095347389 10.740451 427486.7178417608 898.6067798287102 11.274081 739134.6567458701 1081.8382859742956 10.090111 -23.747351566468343 0.3264468501064967 4851.335 0.1255 0.0623 0.7231995 0.26100928 0.9816477978592448
5452498537466667776 167.30704202646635 0.6008361585063537 -30.02783533983583 0.47171029749773147 21.701054390082902 0.6504186271902505 1.5351046613611867 -98.32609658475006 -8.839188381791413 1.2539220046526847 -0.20085426 -0.003404027 0.25619036 0.015867723 -0.1856402 -0.019335682 0.25774062 0.1453025 -0.19944942 -0.14213108 9 1569055.745003286 4218.034107700377 10.19927 384129.1843682843 2476.1797328350654 11.390195 1804657.2261287642 7079.427881406282 9.120934 13.192877792798992 3.602383741887106 3957.8098 2.818 1.4067 1.0101333 0.22556502 0.9999706696896873
3672094684715138560 209.59988992889768 0.04163092576367121 5.602359741625693 0.040200495206406596 11.873806247527478 0.04922663327870558 0.10542027355397836 -65.85369536080934 -19.53585403764422 0.11337202891255942 -0.13910687 -0.15938292 -0.11832401 -0.21787593 -0.31828398 -0.434844 0.40794954 0.26571596 -0.44942868 -0.4642763 9 5919655.474116148 2775.2068826037475 8.757625 3305658.547683793 8369.596127846326 9.053244 3687952.29654968 13314.419420812017 8.344956 -8.661067123561372 0.2837914086075577 6082.5 0.046 0.026 1.1516377 1.6355163 0.6840877369702117
2271062437069059456 312.07570223702027 0.37292874295260936 69.14207430126065 0.3732812323308908 16.169179421796933 0.3781345400787036 0.7241665578501185 41.743058236349626 61.29743793125347 0.7219741074181552 0.08696569 0.042607214 -0.26177847 -0.028576085 0.2512275 -0.061028525 -0.23682152 -0.12597309 0.035006717 0.114976995 18 14081434.066447869 8311.372762521525 7.8167486 7670178.493016973 13962.328390507155 8.139375 8964976.969517816 12855.513916806742 7.380547 -18.094686968367796 2.870131339503343 5953.5 0.3083 0.1705 1.364679 2.1078765 0.9999295467485718
1704600093750125824 245.84588016138449 0.021693437234861567 77.90950695558126 0.019523405660423352 12.322984715228337 0.02043841634371209 0.054160180162282225 -42.74523868875947 48.943646603863954 0.04444536202988824 -0.29134044 -0.20400788 -0.2824307 0.05059956 -0.020764608 0.010156409 -0.12713988 0.25616878 -0.1577242 -0.28464758 14 1084158.6710512892 685.4294126096416 10.600634 490650.3441847496 927.7465128641844 11.124458 833849.6466530402 1060.489718309532 9.959201 -11.522415582584372 0.4716928685014883 4917.835 0.262 0.1298 0.77586657 0.31722292 0.6401741346255587
982294277982775680 114.28540578922322 0.031162176557311808 50.608030845618785 0.026349398999806584 15.230211751581333 0.03493209721088647 0.06209669192383436 -13.167910124828518 -83.1272494059435 0.04626189819754243 -0.30589643 0.29211372 -0.07867429 -0.08255082 -0.22307095 -0.1181293 0.06102723 0.26236543 -0.06262396 -0.20106378 11 1480698.5871209893 2084.8455014760266 10.262199 691969.7962473823 23743.541284460756 10.75117 nan nan nan 4.951649907577224 1.5723091026234386 nan nan nan nan nan 0.999925386402092
758170721129383936 167.15072669539032 0.02704721867930277 33.011010402081965 0.029993736684904255 10.910686655036617 0.04334998927962921 0.051562211463586465 -56.146605898219036 -32.219692145123076 0.04721009118818285 0.17665997 -0.46650574 -0.1729607 0.27617976 -0.61512214 -0.04327231 0.06819663 0.11702674 -0.49162108 -0.09561007 9 86122.63683819458 43.87017854910813 13.350573 24339.992308724053 82.65706293927842 14.385587 92523.96941234163 171.9759051871978 12.346284 1.9186653617671503 2.7078963206747937 3970.28 0.1777 0.1267 nan nan 0.9555785286938026
1253498407340479744 211.23918894091926 0.02384904023508035 21.983162538581833 0.026527497840729847 9.329902722230859 0.03456260137858943 0.05761537622732193 -48.73807123261315 -14.299191860154854 0.06140802219847931 -0.06663898 -0.25248593 0.0031225784 -0.033615775 -0.1979592 -0.035259217 -0.18770234 -0.071094476 -0.0676557 -0.15231323 12 567104.0241538216 180.39697696514062 11.304209 263262.3788332393 315.73573081370955 11.800416 430374.29446158773 286.60356403646864 10.677304 -7.509799304026393 0.777542857786255 4972.725 0.012 0.008 0.7202808 0.2858092 0.9902593910506702
3833781030675385088 147.23366350691722 0.8531541937495646 -0.5800709746170478 0.725928269998478 15.834853263123868 1.000250340263474 1.165440031287245 -55.32530678276768 -26.789355949346287 1.29722355102989 -0.4424569 -0.74393445 0.04462345 -0.037842173 0.43059382 -0.012417414 0.09277694 -0.0045793834 0.039590765 -0.18266152 7 3684386.9290658627 2297.7914194054374 9.272452 1801127.7680489516 5810.334671332988 9.712527 2686994.4853309384 4729.898795402598 8.688753 18.618711507057952 0.11246332554030089 5080.425 0.2665 0.127 1.0247885 0.63032323 0.9999141660047347
697804264294083840 142.67525949320844 0.05496332064961187 31.1191795464451 0.04531766166403912 13.708574336926608 0.07581138522037242 0.09642773849398961 -46.391734596068005 -54.36989714906261 0.07866795703671758 -0.45526722 -0.6182496 -0.6029184 0.45095664 0.14848495 0.23314637 -0.49254847 0.7111892 -0.50847435 -0.61627215 10 134502.37339810902 152.00349971272743 12.866541 37189.33904690978 132.93403903583686 13.925342 145541.44351695446 265.4995929029398 11.854453 19.541040247908445 7.559323052080011 4084.5925 0.099 0.0753 nan nan 0.9999210751374547
931936920308466688 125.77431767114959 0.030034430427460942 50.03220495061709 0.022799889818936735 14.201449820736013 0.04205648468681857 0.058341563289126 -27.614397526116207 -66.95189208401773 0.04429015140192193 0.020952947 -0.42738515 -0.29172486 0.23122364 -0.03861697 0.1563816 -0.30103174 0.49585444 -0.06725076 0.029609274 14 579240.5181453063 351.1670127594008 11.281219 219589.38057792897 357.16321392142845 11.99736 510876.00640673033 535.9388449707648 10.491131 8.799147198961268 0.34223612792961877 4316.42 0.373 0.182 0.7106921 0.15796193 0.9678240617088488
1097232000870818048 126.61919066167671 0.017961627374770247 68.5960655655247 0.02516355386982216 11.69805213454726 0.0294411667019912 0.03752212269562696 -22.30350387831488 -65.00894808080693 0.04553733081986037 0.066231444 0.1271867 0.06097339 0.048857957 -0.25490734 -0.021878796 -0.34217545 0.31671414 -0.038189583 0.07585522 20 6826966.366012898 1851.5613309637886 8.602797 3876638.346680713 4702.946613486493 8.88025 4179347.9884958332 6360.858661467374 8.209148 -1.2725653067334939 0.6092402176761086 6244.365 0.061 0.0345 1.1887156 1.9355475 0.9998802868962434
